1.0	0.002099999999999963
0.9523809523809523	0.01394810142490339
0.9047619047619048	0.025142086031938335
0.8571428571428572	0.035727501137929586
0.8095238095238095	0.04573532194996712
0.7619047619047619	0.05518152316440114
0.7142857142857143	0.06406652786572482
0.6666666666666667	0.07237448782668739
0.6190476190476191	0.08007232752471045
0.5714285714285714	0.08710844952153479
0.5238095238095238	0.09341094192331206
0.47619047619047616	0.09888503171012239
0.4285714285714286	0.10340935560921252
0.38095238095238093	0.10683029904254239
0.33333333333333337	0.10895301783049316
0.2857142857142857	0.10952640363209892
0.23809523809523814	0.10821609720771061
0.19047619047619047	0.10455136498876014
0.1428571428571429	0.0978060550166793
0.09523809523809523	0.0866507764234136
0.04761904761904767	0.0652780252539413
0.0	0.0
0.047619047619047616	-0.05076555359861247
0.09523809523809523	-0.0666961278973365
0.14285714285714285	-0.07785140649060218
0.19047619047619047	-0.08475348698982393
0.23809523809523808	-0.08868696868387307
0.2857142857142857	-0.09037800353131786
0.3333333333333333	-0.09029732510072637
0.38095238095238093	-0.08877929263174762
0.42857142857142855	-0.08607501446534756
0.47619047619047616	-0.08237933478114504
0.5238095238095238	-0.07784586815718009
0.5714285714285714	-0.072595977866206
0.6190476190476191	-0.0667244369281426
0.6666666666666666	-0.06030315723683831
0.7142857142857143	-0.05338373623055224
0.7619047619047619	-0.04599924943186286
0.8095238095238095	-0.038165545068020924
0.8571428571428571	-0.02988220005453332
0.9047619047619048	-0.02113323969504967
