1.0	0.0031499999999999445
0.9523809523809523	0.020901156084612998
0.9047619047619048	0.03762914483693916
0.8571428571428572	0.05340228723221563
0.8095238095238095	0.06826704608107732
0.7619047619047619	0.0822473834280496
0.7142857142857143	0.0953439338998722
0.6666666666666667	0.10753292515566895
0.6190476190476191	0.11876474391157227
0.5714285714285714	0.12896199401019334
0.5238095238095238	0.13801680761075966
0.47619047619047616	0.14578702518339137
0.4285714285714286	0.15209060181895862
0.38095238095238093	0.15668451801875605
0.33333333333333337	0.15915997942063684
0.2857142857142857	0.15911197884195033
0.23809523809523814	0.15603897742322292
0.19047619047619047	0.14923487481160247
0.1428571428571429	0.13761044306923664
0.09523809523809523	0.11920518957843106
0.04761904761904767	0.08927191316435866
0.0	0.0
0.047619047619047616	-0.08479345511447199
0.09523809523809523	-0.11081516690269409
0.14285714285714285	-0.1258757491916856
0.19047619047619047	-0.13472240315627365
0.23809523809523808	-0.13931562141415263
0.2857142857142857	-0.14074463190317482
0.3333333333333333	-0.13971553497619243
0.38095238095238093	-0.13672986949267896
0.42857142857142855	-0.1321359532928815
0.47619047619047616	-0.12610952455350977
0.5238095238095238	-0.1188684075099786
0.5714285714285714	-0.11059464707141783
0.6190476190476191	-0.10143040276770732
0.6666666666666666	-0.09148354243961959
0.7142857142857143	-0.0808314622445434
0.7619047619047619	-0.06952377546634639
0.8095238095238095	-0.05758425444590474
0.8571428571428571	-0.04501226455647875
0.9047619047619048	-0.031783843753542845
