1.0	0.0031499999999999445
0.9523809523809523	0.02168693335848551
0.9047619047619048	0.03918495234512762
0.8571428571428572	0.05571237793516347
0.8095238095238095	0.071315672939228
0.7619047619047619	0.08601879940184652
0.7142857142857143	0.09982239194975882
0.6666666666666667	0.1127026782420887
0.6190476190476191	0.12461004499496858
0.5714285714285714	0.13546709605100968
0.5238095238095238	0.14516596356943942
0.47619047619047616	0.153564488020378
0.4285714285714286	0.16048062449469558
0.38095238095238093	0.16568395112533202
0.33333333333333337	0.16888220164285905
0.2857142857142857	0.16969871353582788
0.23809523809523814	0.16763194794476485
0.19047619047619047	0.16193328751001515
0.1428571428571429	0.15011044306923665
0.09523809523809523	0.12952264989589138
0.04761904761904767	0.09542270681515232
0.0	0.0
0.047619047619047616	-0.07864266146367833
0.09523809523809523	-0.10049770658523377
0.14285714285714285	-0.11337574919168558
0.19047619047619047	-0.12202399045786096
0.23809523809523808	-0.12772265089261067
0.2857142857142857	-0.13015789720929727
0.3333333333333333	-0.12999331275397022
0.38095238095238093	-0.12773043638610299
0.42857142857142855	-0.12374593061714453
0.47619047619047616	-0.11833206171652313
0.5238095238095238	-0.11171925155129883
0.5714285714285714	-0.10408954503060151
0.6190476190476191	-0.095585101684311
0.6666666666666666	-0.08631378935319985
0.7142857142857143	-0.07635300419465678
0.7619047619047619	-0.06575235949254947
0.8095238095238095	-0.05453562758775407
0.8571428571428571	-0.0427021738535309
0.9047619047619048	-0.030228036245354382
