1.0	0.0008399999999999853
0.99	0.0022665233047821517
0.98	0.003675452811200153
0.97	0.005067019728130529
0.96	0.006441444325172067
0.95	0.0077989358889512354
0.94	0.00913969267735262
0.9299999999999999	0.010463901871552337
0.92	0.011771739525723707
0.91	0.013063370514276449
0.9	0.014338948476478989
0.89	0.015598615758304228
0.88	0.016842503351326074
0.87	0.01807073082848276
0.86	0.019283406276506952
0.85	0.020480626224810332
0.84	0.02166247557059111
0.83	0.02282902749991768
0.8200000000000001	0.02398034340451994
0.81	0.025116472793999985
0.8	0.026237453203150005
0.79	0.027343310094039917
0.78	0.028434056752509485
0.77	0.029509694178668847
0.76	0.030570210970978062
0.75	0.031615583203439934
0.74	0.032645774295398215
0.73	0.033660734873390996
0.72	0.03466040262445724
0.71	0.035644702140242415
0.7	0.036613544751186805
0.69	0.03756682835001505
0.6799999999999999	0.03850443720367067
0.6699999999999999	0.039426241752757205
0.6599999999999999	0.04033209839745667
0.65	0.041221849268793576
0.64	0.042095321984000005
0.63	0.042952329384609224
0.62	0.04379266925576427
0.61	0.044616124025067413
0.6	0.04542246043911857
0.5900000000000001	0.04621142921568758
0.5800000000000001	0.04698276466923977
0.5700000000000001	0.04773618430727543
0.56	0.048471388394654646
0.55	0.049188059482748084
0.54	0.04988586189987905
0.53	0.05056444119909542
0.52	0.05122342355882069
0.51	0.05186241513137489
0.5	0.05248100133371439
0.49	0.053078746074
0.48	0.05365519090675194
0.47	0.05420985410836279
0.45999999999999996	0.05474222966359568
0.44999999999999996	0.05525178615236251
0.43999999999999995	0.055737965524521454
0.43000000000000005	0.05620018174861055
0.42000000000000004	0.05663781931829174
0.41000000000000003	0.05705023159775251
0.4	0.05743673898431934
0.39	0.05779662686297937
0.38	0.05812914332325956
0.37	0.05843349660382165
0.36	0.058708852224000005
0.35	0.05895432975409103
0.33999999999999997	0.059168999167182795
0.32999999999999996	0.05935187670428563
0.31999999999999995	0.059501920170971515
0.31000000000000005	0.059618023566969325
0.30000000000000004	0.05969901092931354
0.29000000000000004	0.05974362924352937
0.28	0.05975054024440615
0.27	0.05971831088606397
0.26	0.05964540220742791
0.25	0.059530156249999994
0.24	0.059370780594586045
0.22999999999999998	0.059165329964861846
0.21999999999999997	0.058911684187663044
0.20999999999999996	0.05860752158729554
0.19999999999999996	0.05825028660157501
0.18999999999999995	0.05779027500748904
0.18000000000000005	0.05717745958422863
0.17000000000000004	0.05640830324383535
0.16000000000000003	0.055478805504
0.15000000000000002	0.05438440146955928
0.14	0.05311982990932733
0.13	0.05167895802141034
0.12	0.05005454412537598
0.10999999999999999	0.04823790908426072
0.09999999999999998	0.04621846949215967
0.08999999999999997	0.043983054114
0.07999999999999996	0.04151486619748575
0.06999999999999995	0.03879183772420307
0.06000000000000005	0.035783873529293034
0.050000000000000044	0.03244790455078751
0.040000000000000036	0.028718150144000015
0.030000000000000027	0.024484296944687997
0.020000000000000018	0.019531847530742885
0.010000000000000009	0.013308049314000009
0.0	0.0
0.01	-0.009408049314000001
0.02	-0.01193184753074288
0.03	-0.013384296944687988
0.04	-0.014318150144000005
0.05	-0.014947904550787506
0.06	-0.015383873529293024
0.07	-0.015691837724203087
0.08	-0.015914866197485753
0.09	-0.016083054114000007
0.1	-0.016218469492159673
0.11	-0.016337909084260728
0.12	-0.01645454412537598
0.13	-0.01657895802141034
0.14	-0.016719829909327338
0.15	-0.016884401469559288
0.16	-0.017078805504
0.17	-0.01730830324383534
0.18	-0.01757745958422863
0.19	-0.01789027500748904
0.2	-0.018250286601575006
0.21	-0.018613771587295557
0.22	-0.018936684187663057
0.23	-0.01922157996486187
0.24	-0.019470780594586054
0.25	-0.019686406250000007
0.26	-0.019870402207427917
0.27	-0.020024560886063972
0.28	-0.020150540244406167
0.29	-0.020249879243529376
0.3	-0.020324010929313532
0.31	-0.02037427356696935
0.32	-0.020401920170971515
0.33	-0.020408126704285632
0.34	-0.020393999167182805
0.35	-0.020360579754091036
0.36	-0.020308852224000012
0.37	-0.020239746603821652
0.38	-0.020154143323259564
0.39	-0.02005287686297938
0.4	-0.01993673898431935
0.41	-0.01980648159775251
0.42	-0.019662819318291745
0.43	-0.019506431748610553
0.44	-0.019337965524521456
0.45	-0.019158036152362508
0.46	-0.018967229663595677
0.47	-0.018766104108362797
0.48	-0.018555190906751947
0.49	-0.018334996073999996
0.5	-0.01810600133371439
0.51	-0.017868665131374892
0.52	-0.017623423558820687
0.53	-0.017370691199095428
0.54	-0.01711086189987906
0.55	-0.01684430948274809
0.56	-0.016571388394654652
0.57	-0.016292434307275415
0.58	-0.016007764669239772
0.59	-0.015717679215687598
0.6	-0.015422460439118577
0.61	-0.015122374025067416
0.62	-0.014817669255764282
0.63	-0.014508579384609234
0.64	-0.01419532198400001
0.65	-0.013878099268793586
0.66	-0.013557098397456648
0.67	-0.013232491752757222
0.68	-0.012904437203670667
0.69	-0.012573078350015053
0.7	-0.012238544751186808
0.71	-0.011900952140242423
0.72	-0.011560402624457249
0.73	-0.011216984873391003
0.74	-0.010870774295398221
0.75	-0.010521833203439935
0.76	-0.010170210970978066
0.77	-0.009815944178668845
0.78	-0.009459056752509491
0.79	-0.009099560094039926
0.8	-0.008737453203150012
0.81	-0.008372722793999992
0.82	-0.008005343404519942
0.83	-0.00763527749991768
0.84	-0.007262475570591108
0.85	-0.006886876224810331
0.86	-0.006508406276506953
0.87	-0.0061269808284827665
0.88	-0.005742503351326076
0.89	-0.005354865758304235
0.9	-0.004963948476478995
0.91	-0.0045696205142764556
0.92	-0.004171739525723712
0.93	-0.0037701518715523236
0.94	-0.003364692677352619
0.95	-0.002955185888951235
0.96	-0.002541444325172067
0.97	-0.0021232697281305278
0.98	-0.0017004528112001488
0.99	-0.0012727733047821505
1.0	-0.0008399999999999853
