1.0	0.0031499999999999445
0.99	0.006966736698488622
0.98	0.010735378597556121
0.97	0.014456792730489481
0.96	0.01813180510828414
0.95	0.021761200555789353
0.94	0.02534572254007232
0.9299999999999999	0.02888607299054348
0.92	0.032382912110352796
0.91	0.03583685817853669
0.9	0.03924848734235177
0.89	0.04261833339919643
0.88	0.045946887567472776
0.87	0.04923459824569925
0.86	0.05248187075912329
0.85	0.055689067093038745
0.84	0.05885650561193888
0.83	0.06198446076358018
0.8200000000000001	0.06507316276694977
0.81	0.06812279728305551
0.8	0.07113350506736807
0.79	0.0741053816026497
0.78	0.07703847671079946
0.77	0.0799327941422304
0.76	0.08278829114116774
0.75	0.08560487798512197
0.74	0.0883824174966322
0.73	0.09112072452521623
0.72	0.09381956539727021
0.71	0.09647865733146462
0.7	0.09909766781695051
0.69	0.10167621395144533
0.6799999999999999	0.10421386173598725
0.6699999999999999	0.10671012532283954
0.6599999999999999	0.10916446621268475
0.65	0.11157629239686483
0.64	0.11394495744000002
0.63	0.11626975949784016
0.62	0.11854994026467158
0.61	0.12078468384400279
0.6	0.12297311553558353
0.5900000000000001	0.12511430053105063
0.5800000000000001	0.12720724250964915
0.5700000000000001	0.12925088212450508
0.56	0.13124409536884382
0.55	0.13318569181030535
0.54	0.135074412680102
0.53	0.13690892880216338
0.52	0.13868783834557755
0.51	0.14040966438154473
0.5	0.14207285222365118
0.49	0.1436757665275
0.48	0.14521668812254201
0.47	0.14669381054524938
0.45999999999999996	0.14810523623848382
0.44999999999999996	0.14944897237691496
0.43999999999999995	0.150722926272511
0.43000000000000005	0.15192490030728956
0.42000000000000004	0.1530525863324829
0.41000000000000003	0.15410355946379412
0.4	0.15507527119119757
0.39	0.15596156948617265
0.38	0.15675616246222335
0.37	0.15745608101433117
0.36	0.15805819584000003
0.35	0.15855920532784135
0.33999999999999997	0.1589556218769355
0.32999999999999996	0.15924375639107113
0.31999999999999995	0.1594197006411432
0.31000000000000005	0.15947930712613498
0.30000000000000004	0.15941816598492575
0.29000000000000004	0.15923157841323513
0.28	0.15891452591652308
0.27	0.15846163457273987
0.26	0.15786713327785465
0.25	0.1571248046875
0.24	0.15622792722969767
0.22999999999999998	0.15516920611823193
0.21999999999999997	0.15394069070373645
0.20999999999999996	0.1525336747023583
0.19999999999999996	0.15093857475590627
0.18999999999999995	0.14914478127808387
0.18000000000000005	0.14714047344085737
0.17000000000000004	0.14491238716438254
0.16000000000000003	0.14244552063999996
0.15000000000000002	0.1397227555108473
0.14	0.1367243621599775
0.13	0.13342734258028877
0.12	0.1298045404701599
0.10999999999999999	0.12582340906597772
0.09999999999999998	0.12144426059559878
0.08999999999999997	0.11661770292750001
0.07999999999999996	0.11128074824057155
0.06999999999999995	0.10535064146576151
0.06000000000000005	0.09871452573484885
0.050000000000000044	0.09121089206545317
0.040000000000000036	0.08259306304000004
0.030000000000000027	0.07244736354257998
0.020000000000000018	0.059969428240285824
0.010000000000000009	0.04308643492750002
0.0	0.0
0.01	-0.0420989349275
0.02	-0.058019428240285796
0.03	-0.06955986354257995
0.04	-0.07879306304
0.05	-0.08652339206545313
0.06	-0.09316452573484883
0.07	-0.09896314146576157
0.08	-0.10408074824057155
0.09	-0.1086302029275
0.1	-0.11269426059559877
0.11	-0.11633590906597771
0.12	-0.1196045404701599
0.13	-0.12253984258028877
0.14	-0.1251743621599775
0.15	-0.1275352555108473
0.16	-0.12964552064
0.17	-0.1315248871643825
0.18	-0.13319047344085733
0.19	-0.1346572812780839
0.2	-0.13593857475590626
0.21	-0.1370461747023583
0.22	-0.13799069070373643
0.23	-0.13878170611823198
0.24	-0.13942792722969768
0.25	-0.13993730468749999
0.26	-0.14031713327785464
0.27	-0.14057413457273987
0.28	-0.1407145259165231
0.29	-0.14074407841323514
0.3	-0.14066816598492574
0.31	-0.14049180712613504
0.32	-0.14021970064114314
0.33	-0.1398562563910711
0.34	-0.13940562187693548
0.35	-0.13887170532784138
0.36	-0.13825819584000004
0.37	-0.13756858101433117
0.38	-0.13680616246222332
0.39	-0.13597406948617266
0.4	-0.13507527119119755
0.41	-0.1341091150193497
0.42	-0.13307480855470516
0.43	-0.13197490030728953
0.44	-0.1308118151613999
0.45	-0.12958786126580382
0.46	-0.1283052362384838
0.47	-0.1269660327674716
0.48	-0.12557224367809755
0.49	-0.12412576652749999
0.5	-0.12262840777920675
0.51	-0.12108188660376695
0.52	-0.11948783834557755
0.53	-0.11784781769105228
0.54	-0.1161633015689909
0.55	-0.11443569181030534
0.56	-0.11266631759106605
0.57	-0.11085643768006058
0.58	-0.10900724250964913
0.59	-0.10711985608660625
0.6	-0.10519533775780575
0.61	-0.1032346838440028
0.62	-0.10123882915356047
0.63	-0.09920864838672905
0.64	-0.09714495744000001
0.65	-0.09504851461908705
0.66	-0.09292002176824019
0.67	-0.09076012532283957
0.68	-0.08856941729154276
0.69	-0.08634843617366755
0.7	-0.08409766781695052
0.71	-0.08181754622035352
0.72	-0.0795084542861591
0.73	-0.07717072452521624
0.74	-0.07480463971885443
0.75	-0.07241043354067751
0.76	-0.06998829114116774
0.77	-0.06753834969778594
0.78	-0.06506069893302167
0.79	-0.0625553816026497
0.8	-0.06002239395625696
0.81	-0.057461686171944394
0.82	-0.05487316276694978
0.83	-0.052256682985802404
0.84	-0.049612061167494434
0.85	-0.04693906709303874
0.86	-0.04423742631467885
0.87	-0.04150682046792147
0.88	-0.03874688756747278
0.89	-0.03595722228808531
0.9	-0.03313737623124066
0.91	-0.030286858178536692
0.92	-0.02740513433257502
0.93	-0.02449162854609897
0.94	-0.021545722540072323
0.95	-0.01856675611134491
0.96	-0.015554027330506363
0.97	-0.01250679273048948
0.98	-0.009424267486445008
0.99	-0.00630562558737751
1.0	-0.0031499999999999445
